       Rds   Fre  cumsum
0      8.30  0.11    0.11
1     11.81  0.01    0.12
2     11.97  0.11    0.23
3     18.31  0.11    0.34
4     25.72  0.01    0.35
5     25.87  0.01    0.36
6     26.13  0.01    0.37
7     26.64  0.01    0.38
8     26.88  0.01    0.39
9     26.95  0.01    0.40
10    41.13  0.01    0.41
11    43.18  0.01    0.42
12    46.42  0.01    0.43
13    46.47  0.01    0.44
14    46.81  0.01    0.45
15    47.51  0.01    0.46
16    49.99  0.01    0.47
17    54.40  0.01    0.48
18    56.79  0.01    0.49
19    66.26  0.01    0.50
20   107.71  0.01    0.51
21   249.04  0.01    0.52
22   256.92  0.01    0.53
23   262.62  0.01    0.54
24   265.21  0.01    0.55
25   265.27  0.01    0.56
26   286.79  0.01    0.57
27   297.30  0.01    0.58
28   432.54  0.01    0.59
29   437.59  0.01    0.60
30   442.74  0.01    0.61
31   448.49  0.01    0.62
32   478.33  0.01    0.63
33   479.63  0.01    0.64
34   483.82  0.01    0.65
35   483.96  0.01    0.66
36   504.44  0.01    0.67
37   505.28  0.01    0.68
38   509.69  0.01    0.69
39   557.51  0.01    0.70
40   594.27  0.01    0.71
41   594.50  0.01    0.72
42  1185.11  0.01    0.73
43  1185.15  0.01    0.74
44  1185.87  0.01    0.75
45  1188.61  0.01    0.76
46  1189.89  0.01    0.77
47  1190.23  0.01    0.78
48  1221.61  0.01    0.79
49  1360.49  0.01    0.80